return {
[13341] = {{{0.9522171,-0.30542192,0},{0.30542192,0.9522171,0},{0,0,1},{1879.125,-57.203125,11.710938}}},
[13867] = {{{1,0,0},{0,1,0},{0,0,1},{92.21875,-1291.6562,14.117188}}},
[11152] = {{{1,0,0},{0,1,0},{0,0,1},{-2215.3437,-261.94531,42.164063}}},
[16235] = {{{1,0,0},{0,1,0},{0,0,1},{26.84375,1312.5156,14.52344}}},
[13773] = {{{1,0,0},{0,1,0},{0,0,1},{135.64063,-1455.6875,25.625}}},
[12948] = {{{1,0,0},{0,1,0},{0,0,1},{2337.8047,71.460938,24.492189}}},
[11643] = {{{1,0,0},{0,1,0},{0,0,1},{-1720.3437,2615.9531,81.992188}}},
[936] = {{{-9.1106185e-06,-1,0},{1,-9.1106185e-06,0},{0,0,1},{-2139.5078,-244.78125,35.992191}},{{-1,-1.2246469e-16,0},{1.2246469e-16,-1,0},{0,0,1},{2543.0703,-1301,1043.6016}},{{-1,-1.2246469e-16,0},{1.2246469e-16,-1,0},{0,0,1},{2551.1172,-1301,1043.6016}},{{-1,-1.2246469e-16,0},{1.2246469e-16,-1,0},{0,0,1},{2559.0938,-1301,1043.6016}},{{1,0,0},{0,1,0},{0,0,1},{2543.1016,-1286.3125,1043.6016}},{{1,0,0},{0,1,0},{0,0,1},{2551.1016,-1286.3125,1043.6016}},{{1,0,0},{0,1,0},{0,0,1},{2559.125,-1286.3125,1043.6016}}},
[736] = {{{0.99155253,-0.12970573,0},{0.12970573,0.99155253,0},{0,0,1},{1018.0547,740.8125,20.40625}},{{-0.79183424,-0.61073607,0},{0.61073607,-0.79183424,0},{0,0,1},{1042.2969,751.26563,20.40625}},{{-0.81925136,0.57343459,0},{-0.57343459,-0.81925136,0},{0,0,1},{1027.5078,744.63281,20.40625}},{{1,0,0},{0,1,0},{0,0,1},{1060.375,751.26563,20.40625}},{{-0.12725045,-0.99187064,0},{0.99187064,-0.12725045,0},{0,0,1},{1068.4063,748.72656,20.992189}},{{0.99155253,-0.12970573,0},{0.12970573,0.99155253,0},{0,0,1},{1069.1953,761.90625,20.40625}},{{0.99155253,-0.12970573,0},{0.12970573,0.99155253,0},{0,0,1},{1020.8828,826.04688,20.820311}},{{0.99155253,-0.12970573,0},{0.12970573,0.99155253,0},{0,0,1},{1095.375,774.28906,20.40625}},{{0.99155253,-0.12970573,0},{0.12970573,0.99155253,0},{0,0,1},{1030.1953,894.25,23.820311}},{{0.99155253,-0.12970573,0},{0.12970573,0.99155253,0},{0,0,1},{1039.8125,912.05469,23.148439}},{{0.8506372,-0.52575314,0},{0.52575314,0.8506372,0},{0,0,1},{1346.1641,886.48438,16.9375}},{{-0.15070513,-0.98857874,0},{0.98857874,-0.15070513,0},{0,0,1},{1352.8047,882.40625,16.9375}},{{-0.92174226,-0.38780311,0},{0.38780311,-0.92174226,0},{0,0,1},{1359.9063,878.25781,16.9375}},{{-0.72177273,0.69213015,0},{-0.69213015,-0.72177273,0},{0,0,1},{1367.5938,874.44531,16.9375}},{{-0.89224231,-0.45155689,0},{0.45155689,-0.89224231,0},{0,0,1},{1376.125,871.375,16.9375}},{{-0.79183424,-0.61073607,0},{0.61073607,-0.79183424,0},{0,0,1},{967.89063,1167.4844,20.40625}},{{0.90121913,0.43336374,0},{-0.43336374,0.90121913,0},{0,0,1},{979.42969,1174.5234,19.664061}},{{-0.78454179,-0.62007594,0},{0.62007594,-0.78454179,0},{0,0,1},{1679.3828,804.33594,18.476561}},{{0.8506372,-0.52575314,0},{0.52575314,0.8506372,0},{0,0,1},{1689.2344,804.33594,19.703131}},{{-0.2678051,-0.96347308,0},{0.96347308,-0.2678051,0},{0,0,1},{1706.6719,804.33594,20.992189}},{{-0.84934461,-0.52783871,0},{0.52783871,-0.84934461,0},{0,0,1},{1698.3984,804.33594,19.703131}},{{0.8506372,-0.52575314,0},{0.52575314,0.8506372,0},{0,0,1},{1713.6719,804.33594,19.703131}},{{-0.12725045,-0.99187064,0},{0.99187064,-0.12725045,0},{0,0,1},{1732.25,804.33594,20.992189}},{{0.89991629,-0.43606272,0},{0.43606272,0.89991629,0},{0,0,1},{1726.1797,804.33594,20.992189}},{{-0.78454179,-0.62007594,0},{0.62007594,-0.78454179,0},{0,0,1},{1719.4219,804.33594,20.648439}},{{-0.94767332,-0.31924167,0},{0.31924167,-0.94767332,0},{0,0,1},{1769.7422,790.64844,20.992189}}},
[16738] = {{{1,0,0},{0,1,0},{0,0,1},{-217.49219,1026.8203,27.679689}}},
[16464] = {{{1,0,0},{0,1,0},{0,0,1},{407.16406,2622.9688,48.882813}}},
[11023] = {{{1,0,0},{0,1,0},{0,0,1},{-2200.6875,348.27344,46.5}}},
[14585] = {{{1,0,0},{0,1,0},{0,0,1},{939.59375,2144.1406,1016.1797}}},
[17235] = {{{1,0,0},{0,1,0},{0,0,1},{-1526.6172,-1220.0078,100.73438}}},
[14773] = {{{1,0,0},{0,1,0},{0,0,1},{946.72656,8.65625,1002.1719}}},
[16300] = {{{1,0,0},{0,1,0},{0,0,1},{706.96094,730.9375,20.664061}}},
[11655] = {{{1,0,0},{0,1,0},{0,0,1},{-981.32031,1473.0625,29.65625}}},
[15047] = {{{1,0,0},{0,1,0},{0,0,1},{2337.1172,-1065.3047,1048.0313}}},
[10429] = {{{1,0,0},{0,1,0},{0,0,1},{-2474.1797,-47.632809,34.117191}}},
[12838] = {{{0.987688,0.15643667,0},{-0.15643667,0.987688,0},{0,0,1},{2779.8438,293.71094,10.27344}}},
[746] = {{{1,0,0},{0,1,0},{0,0,1},{1658.3438,-1420.0078,12.91406}},{{0.6427834,-0.76604795,0},{0.76604795,0.6427834,0},{0,0,1},{1659.5547,-1405.3828,12.91406}},{{1,0,0},{0,1,0},{0,0,1},{-1937.5312,-988.80469,31.460939}},{{0.43052101,0.90258056,0},{-0.90258056,0.43052101,0},{0,0,1},{-1936.7656,-728.53125,31.460939}},{{-1,-1.2246469e-16,0},{1.2246469e-16,-1,0},{0,0,1},{2494.8906,1626.1719,10.0625}},{{-1,-1.2246469e-16,0},{1.2246469e-16,-1,0},{0,0,1},{2521.9375,1761.4297,10.05469}},{{-1,-1.2246469e-16,0},{1.2246469e-16,-1,0},{0,0,1},{2521.9375,1886.9297,10.05469}},{{-1,-1.2246469e-16,0},{1.2246469e-16,-1,0},{0,0,1},{2539.4375,1939.0625,10.05469}},{{1,0,0},{0,1,0},{0,0,1},{2560.0391,1647.0156,10.0625}},{{-9.1106185e-06,1,0},{-1,-9.1106185e-06,0},{0,0,1},{1457.3047,763.96875,10.14063}},{{-9.1106185e-06,1,0},{-1,-9.1106185e-06,0},{0,0,1},{1501.6719,673.82813,10.34375}},{{-9.1106185e-06,1,0},{-1,-9.1106185e-06,0},{0,0,1},{1473.6953,681.14844,10.29688}},{{1,0,0},{0,1,0},{0,0,1},{1498.3672,682.03125,10.08594}},{{-1,-1.2246469e-16,0},{1.2246469e-16,-1,0},{0,0,1},{1552.4922,666.85938,10.10156}},{{-1,-1.2246469e-16,0},{1.2246469e-16,-1,0},{0,0,1},{1552.4922,685.46875,10.10156}},{{-0.70711064,-0.70710295,0},{0.70710295,-0.70711064,0},{0,0,1},{1553.5469,792.3125,10.07813}}},
[846] = {{{1,0,0},{0,1,0},{0,0,1},{-375.05469,-2021.9219,28.039061}}},
[13115] = {{{1,0,0},{0,1,0},{0,0,1},{2852.6797,188.29688,-17.617187}}},
[13292] = {{{1,0,0},{0,1,0},{0,0,1},{166.61719,-106.57812,4.453125}}},
[17152] = {{{1,0,0},{0,1,0},{0,0,1},{-258.78906,-2832.4297,44.835941}}},
[17645] = {{{1,0,0},{0,1,0},{0,0,1},{2481.2188,-1350.4922,27.773439}}},
[17907] = {{{1,0,0},{0,1,0},{0,0,1},{2426.1641,-1110.0937,43.484379}}},
[17300] = {{{0.76604557,0.64278632,0},{-0.64278632,0.76604557,0},{0,0,1},{-1133.3828,-867.71094,78.484383}}},
[996] = {{{-0.99996197,0.0087199388,0},{-0.0087199388,-0.99996197,0},{0,0,1},{2391.7891,1663.1719,10.67969}},{{-0.99996197,0.0087199388,0},{-0.0087199388,-0.99996197,0},{0,0,1},{2409.5156,1663.1719,10.67969}},{{-0.99996197,0.0087199388,0},{-0.0087199388,-0.99996197,0},{0,0,1},{2471.9609,1663.1719,10.67969}},{{-0.99996197,0.0087199388,0},{-0.0087199388,-0.99996197,0},{0,0,1},{2489.6953,1663.1719,10.67969}},{{-0.99996197,0.0087199388,0},{-0.0087199388,-0.99996197,0},{0,0,1},{2466.6172,1341.125,10.74219}},{{-0.99996197,0.0087199388,0},{-0.0087199388,-0.99996197,0},{0,0,1},{2457.3672,1341.125,10.74219}},{{-0.0087396773,-0.99996179,0},{0.99996179,-0.0087396773,0},{0,0,1},{2569.5391,1278.3359,10.53906}},{{-0.0087396773,-0.99996179,0},{0.99996179,-0.0087396773,0},{0,0,1},{2569.5391,1289.0313,10.53906}},{{-0.0087396773,-0.99996179,0},{0.99996179,-0.0087396773,0},{0,0,1},{2585.9688,1283.9844,10.53906}},{{-0.0087396773,-0.99996179,0},{0.99996179,-0.0087396773,0},{0,0,1},{2585.9688,1294.5938,10.53906}}},
[696] = {{{0.96004611,0.27984193,0},{-0.27984193,0.96004611,0},{0,0,1},{608.24219,-86.976562,22.71875}},{{0.52503556,0.8510803,0},{-0.8510803,0.52503556,0},{0,0,1},{714.875,23.453131,47.304691}},{{-0.37687045,-0.92626595,0},{0.92626595,-0.37687045,0},{0,0,1},{2019.5234,116.125,33.578129}},{{-0.6376918,-0.77029163,0},{0.77029163,-0.6376918,0},{0,0,1},{1974.1641,360.85156,28.234381}},{{-0.3927187,-0.91965866,0},{0.91965866,-0.3927187,0},{0,0,1},{2030.4063,333.04688,32.117191}},{{-0.3927187,-0.91965866,0},{0.91965866,-0.3927187,0},{0,0,1},{2484.2656,284.79688,33.921879}},{{-0.95293576,-0.30317238,0},{0.30317238,-0.95293576,0},{0,0,1},{-741.4375,-45.796879,58.125}},{{-0.70318556,-0.71100634,0},{0.71100634,-0.70318556,0},{0,0,1},{-488.79687,64.796883,39.78125}},{{-0.70318556,-0.71100634,0},{0.71100634,-0.70318556,0},{0,0,1},{-518.58594,67.867188,38.78125}},{{-0.70318556,-0.71100634,0},{0.71100634,-0.70318556,0},{0,0,1},{-699.64062,74.4375,32.164059}},{{-0.70318556,-0.71100634,0},{0.71100634,-0.70318556,0},{0,0,1},{-619.24219,221.71094,26.460939}},{{-0.98364103,0.18013975,0},{-0.18013975,-0.98364103,0},{0,0,1},{506.05469,-434.88281,33.75}},{{0.53173959,0.84690791,0},{-0.84690791,0.53173959,0},{0,0,1},{593.73438,-301.9375,20.078131}},{{0.96004611,0.27984193,0},{-0.27984193,0.96004611,0},{0,0,1},{1075.1641,-391.50781,74.828133}},{{0.96004611,0.27984193,0},{-0.27984193,0.96004611,0},{0,0,1},{-72.5,-476.19531,6.0703101}},{{0.3542724,0.93514228,0},{-0.93514228,0.3542724,0},{0,0,1},{192.95313,-358.97656,7.5390601}},{{-0.37687045,-0.92626595,0},{0.92626595,-0.37687045,0},{0,0,1},{2373.875,-740.61719,130.13281}},{{-0.6376918,-0.77029163,0},{0.77029163,-0.6376918,0},{0,0,1},{2375.3047,-666.72656,131.88281}},{{-0.6376918,-0.77029163,0},{0.77029163,-0.6376918,0},{0,0,1},{2387.2656,-581.78125,123.26563}},{{0.53173959,0.84690791,0},{-0.84690791,0.53173959,0},{0,0,1},{2401.0234,-139.3125,31.945311}},{{-0.16293231,0.98663723,0},{-0.98663723,-0.16293231,0},{0,0,1},{2534.2109,-143.21094,46.765629}},{{-0.37687045,-0.92626595,0},{0.92626595,-0.37687045,0},{0,0,1},{2781.2109,-654.83594,66.820313}},{{-0.16293231,0.98663723,0},{-0.98663723,-0.16293231,0},{0,0,1},{2647.375,-123.98438,46.523441}},{{0.38714236,0.92201996,0},{-0.92201996,0.38714236,0},{0,0,1},{-814.57812,-1432.4687,116.70313}},{{0.38714236,0.92201996,0},{-0.92201996,0.38714236,0},{0,0,1},{-604.86719,-1106.0547,24.304689}},{{0.38714236,0.92201996,0},{-0.92201996,0.38714236,0},{0,0,1},{-603.29687,-1054.7969,27.523439}},{{0.38714236,0.92201996,0},{-0.92201996,0.38714236,0},{0,0,1},{-560.09375,-1089.8359,25.773439}},{{0.38714236,0.92201996,0},{-0.92201996,0.38714236,0},{0,0,1},{-546.0625,-1003.8672,28.390631}}},
[13408] = {{{1,0,0},{0,1,0},{0,0,1},{2686.7266,-168.70312,29.625}}},
[14464] = {{{1,0,0},{0,1,0},{0,0,1},{2545.5469,-1281.8672,1039.6875}}},
[17918] = {{{0.63607377,0.77162826,0},{-0.77162826,0.63607377,0},{0,0,1},{2840.9141,-1404.6953,45.679691}}},
[16773] = {{{1,0,0},{0,1,0},{0,0,1},{397.47656,2476.6328,19.515631}}},
[17928] = {{{1,0,0},{0,1,0},{0,0,1},{2337.1563,-1179.8047,31.984381}}},
[10011] = {{{1,0,0},{0,1,0},{0,0,1},{-1816.7891,1299.6406,54.171879}}},
[18300] = {{{1,0,0},{0,1,0},{0,0,1},{-2872.8437,-1321.2812,42.382809}}},
[12879] = {{{1,0,0},{0,1,0},{0,0,1},{2732.0391,-231.38281,29.757811}}},
[17078] = {{{1,0,0},{0,1,0},{0,0,1},{-1696.8437,-748.00781,39.453129}}},
[17639] = {{{1,0,0},{0,1,0},{0,0,1},{2490.9063,-1504.3281,22.921881}}},
[11681] = {{{1,0,0},{0,1,0},{0,0,1},{-847.16406,852.28906,12.16406}}},
[13000] = {{{1,0,0},{0,1,0},{0,0,1},{563.5625,-438.88281,36.09375}}},
[17867] = {{{1,0,0},{0,1,0},{0,0,1},{2308.4531,-1599.3828,4.6328101}}},
[10655] = {{{1,0,0},{0,1,0},{0,0,1},{-2617.0156,257.92188,6.445312}}},
[16127] = {{{1,0,0},{0,1,0},{0,0,1},{-334.15625,2061.0313,60.679691}}},
[13011] = {{{-0.40673468,-0.91354632,0},{0.91354632,-0.40673468,0},{0,0,1},{1357.4766,318.14844,20.171881}}},
[16639] = {{{1,0,0},{0,1,0},{0,0,1},{296.53125,1834.9375,8.1406298}}},
[11339] = {{{1,0,0},{0,1,0},{0,0,1},{-2079.9531,159.20313,30.867188}}},
[10227] = {{{1,0,0},{0,1,0},{0,0,1},{-1376.75,1490.6328,12.02344}}},
[18585] = {{{1,0,0},{0,1,0},{0,0,1},{-2239.6406,-1762.7266,381.95313}}},
[17743] = {{{1,0,0},{0,1,0},{0,0,1},{2825.9922,-1386.3672,15.171875}}},
[10341] = {{{1,0,0},{0,1,0},{0,0,1},{-2807.4844,-163.64844,6.117188}}},
[11216] = {{{1,0,0},{0,1,0},{0,0,1},{-1949.4922,-31.085937,24.492188}}},
[16011] = {{{1,0,0},{0,1,0},{0,0,1},{-227.45312,2716.3516,62.171879}}},
[17661] = {{{1,0,0},{0,1,0},{0,0,1},{2796.8906,-1323.2344,32.828129}}},
[11227] = {{{1,0,0},{0,1,0},{0,0,1},{-1407.0312,-225.125,8.84375}}},
[17115] = {{{1,0,0},{0,1,0},{0,0,1},{-283.96875,-960.07031,33.625}}},
[17626] = {{{1,0,0},{0,1,0},{0,0,1},{2303.4375,-1338.0391,22.984381}}},
[11000] = {{{1,0,0},{0,1,0},{0,0,1},{-2229.2734,46.679691,47.320309}}},
[13152] = {{{1,0,0},{0,1,0},{0,0,1},{1272.2109,-206.80469,17.414063}}},
[10216] = {{{1,0,0},{0,1,0},{0,0,1},{-2004.1562,698.39063,39.226563}}},
[16519] = {{{1,0,0},{0,1,0},{0,0,1},{738.54688,2041.9297,9.1953115}}},
[17536] = {{{1,0,0},{0,1,0},{0,0,1},{2572.125,-1472.7031,34.960941}}},
[16047] = {{{1,0,0},{0,1,0},{0,0,1},{732.65625,1430.6016,48.664059}}},
[11177] = {{{1,0,0},{0,1,0},{0,0,1},{-2256.0703,-130.28906,34.242188}}},
[956] = {{{-9.1106185e-06,1,0},{-1,-9.1106185e-06,0},{0,0,1},{-76.03125,1227.9922,19.125}},{{-9.1106185e-06,1,0},{-1,-9.1106185e-06,0},{0,0,1},{-253.74219,2599.7578,62.242191}},{{-1,-1.2246469e-16,0},{1.2246469e-16,-1,0},{0,0,1},{662.42969,-552.16406,15.71094}},{{1,0,0},{0,1,0},{0,0,1},{2271.7266,-76.460937,25.960939}},{{-1,-1.2246469e-16,0},{1.2246469e-16,-1,0},{0,0,1},{-1455.1172,2591.6641,55.234379}},{{0.033926416,0.99835581,-0.046202641},{-0.9992463,0.034756646,0.017285893},{0.01886332,0.045581367,0.99878252},{2139.5156,-1161.4844,23.359381}},{{-0.61511689,0.78706485,-0.046477489},{-0.78733665,-0.61630285,-0.016485929},{-0.041619707,0.026452657,0.99878329},{2153.2344,-1016.1484,62.234379}},{{1,0,0},{0,1,0},{0,0,1},{1634.1094,-2237.5312,12.89063}},{{-1,-1.2246469e-16,0},{1.2246469e-16,-1,0},{0,0,1},{2480.8594,-1959.2734,12.96094}},{{-9.1106185e-06,1,0},{-1,-9.1106185e-06,0},{0,0,1},{-1350.1172,493.85938,10.58594}},{{-1,-1.2246469e-16,0},{1.2246469e-16,-1,0},{0,0,1},{-2229.1875,286.41406,34.703129}},{{1,0,0},{0,1,0},{0,0,1},{2647.6953,1129.6641,10.21875}},{{1,0,0},{0,1,0},{0,0,1},{2845.7266,1295.0469,10.78906}},{{1,0,0},{0,1,0},{0,0,1},{1659.4609,1722.8594,10.21875}},{{-1,-1.2246469e-16,0},{1.2246469e-16,-1,0},{0,0,1},{1398.8438,2222.6094,10.42188}}},
[856] = {{{1,0,0},{0,1,0},{0,0,1},{-828.65625,-2496.5078,82.648438}},{{1,0,0},{0,1,0},{0,0,1},{-816.67969,-2417.5547,77.367188}}},
[756] = {{{1,0,0},{0,1,0},{0,0,1},{276.20313,170.85938,1006.7188}},{{1,0,0},{0,1,0},{0,0,1},{271.17188,174.46094,1006.7188}},{{1,0,0},{0,1,0},{0,0,1},{273.47656,173.75,1006.7188}},{{1,0,0},{0,1,0},{0,0,1},{275.32031,174.46094,1006.7188}},{{1,0,0},{0,1,0},{0,0,1},{2487.25,1413.6875,9.9375}},{{1,0,0},{0,1,0},{0,0,1},{1473.4844,1885.0625,9.875}}},
[656] = {{{-9.1106185e-06,1,0},{-1,-9.1106185e-06,0},{0,0,1},{857.85156,-705.59375,101.76563}},{{0.52249956,0.85263956,0},{-0.85263956,0.52249956,0},{0,0,1},{887.03906,-702.82031,106.46094}},{{-0.6082477,0.79374731,0},{-0.79374731,-0.6082477,0},{0,0,1},{1096.625,-294.41406,72.9375}},{{0.52306718,0.85229146,0},{-0.85229146,0.52306718,0},{0,0,1},{1116.4453,-326.75781,72.9375}},{{1,0,0},{0,1,0},{0,0,1},{767.0625,-823.57031,65.640633}},{{1,0,0},{0,1,0},{0,0,1},{804.86719,-873.30469,59.921879}},{{1,0,0},{0,1,0},{0,0,1},{832.03125,-813.34375,79.234383}},{{1,0,0},{0,1,0},{0,0,1},{878.90625,-846.59375,78.148438}},{{0.91835928,0.39574769,0},{-0.39574769,0.91835928,0},{0,0,1},{1062.6875,-818.64844,84.929688}},{{1,0,0},{0,1,0},{0,0,1},{855.67188,-794.60156,81.390633}},{{1,0,0},{0,1,0},{0,0,1},{926.64063,-734.50781,111.39844}},{{1,0,0},{0,1,0},{0,0,1},{957.35156,-684.16406,120.94531}},{{1,0,0},{0,1,0},{0,0,1},{1080.1641,-687.28906,112.09375}},{{0.52306718,0.85229146,0},{-0.85229146,0.52306718,0},{0,0,1},{1012.0938,-685.07031,120.1875}},{{1,0,0},{0,1,0},{0,0,1},{1488.5859,-919.61719,40.898441}},{{1,0,0},{0,1,0},{0,0,1},{1549.9688,-908.71094,42.3125}},{{1,0,0},{0,1,0},{0,0,1},{2463.1172,-1049.2891,58.46875}},{{1,0,0},{0,1,0},{0,0,1},{2511.2734,-1014.6641,68.039063}},{{0.30900359,0.95106089,0},{-0.95106089,0.30900359,0},{0,0,1},{2536.5,-1019.5859,69.328133}},{{1,0,0},{0,1,0},{0,0,1},{1271.2969,-712.49219,92.921883}},{{1,0,0},{0,1,0},{0,0,1},{1376.8047,-775.875,91.664063}},{{1,0,0},{0,1,0},{0,0,1},{1394.4141,-676.82031,90.320313}},{{1,0,0},{0,1,0},{0,0,1},{1375.4609,-660.10937,94.773438}},{{1,0,0},{0,1,0},{0,0,1},{1394.2656,-631.53125,87.40625}},{{1,0,0},{0,1,0},{0,0,1},{1324.875,-574.14062,93.015633}},{{1,0,0},{0,1,0},{0,0,1},{1519.7188,-866.58594,61.929691}},{{0.98629153,0.16501205,0},{-0.16501205,0.98629153,0},{0,0,1},{983.10938,723.125,11.28906}},{{1,0,0},{0,1,0},{0,0,1},{1035.9688,881.25781,9.7968798}},{{1,0,0},{0,1,0},{0,0,1},{1011.4375,907.61719,11.875}},{{1,0,0},{0,1,0},{0,0,1},{1092.3984,906.10156,9.7968798}},{{1,0,0},{0,1,0},{0,0,1},{1129.1797,965.04688,9.7968798}},{{0.98629153,0.16501205,0},{-0.16501205,0.98629153,0},{0,0,1},{960.64844,1109.5,9.78125}}},
[12928] = {{{-9.1106185e-06,1,0},{-1,-9.1106185e-06,0},{0,0,1},{93.242188,-188.85937,0.48438001}}},
[16661] = {{{1,0,0},{0,1,0},{0,0,1},{287.55469,1820.0078,5.21875}}},
[16341] = {{{1,0,0},{0,-9.1106185e-06,-1},{0,1,-9.1106185e-06},{-950.13281,1943.4219,15.13281}}},
[13023] = {{{1,0,0},{0,1,0},{0,0,1},{-561.32031,123.79688,28.976561}}},
[13078] = {{{0.39453644,0.91888028,0},{-0.91888028,0.39453644,0},{0,0,1},{1220,162.6875,22.84375}}},
[14614] = {{{1,0,0},{0,1,0},{0,0,1},{1971.6094,1017.8281,1000}}},
[966] = {{{-9.1106185e-06,1,0},{-1,-9.1106185e-06,0},{0,0,1},{-1701.4297,687.59375,23.882811}},{{-9.1106185e-06,-1,0},{1,-9.1106185e-06,0},{0,0,1},{-1572.2031,658.83594,6.0781298}},{{-0.9063096,-0.42261434,0},{0.42261434,-0.9063096,0},{0,0,1},{-2436.8516,495.45313,28.953131}},{{1,0,0},{0,1,0},{0,0,1},{-1526.3906,481.38281,6.1796899}},{{-0.70711064,0.70710295,0},{-0.70710295,-0.70711064,0},{0,0,1},{-1676.2578,4.65625,2.51563}},{{-9.1106185e-06,1,0},{-1,-9.1106185e-06,0},{0,0,1},{-1736.7422,31.929689,2.53125}}},
[766] = {{{0.29924837,-0.95310134,-0.045257274},{0.95378876,0.30014038,-0.014240917},{0.027156573,-0.038904306,0.99887383},{471.21875,213.25781,10.53125}},{{-0.67578059,-0.73627532,-0.034917373},{0.73558468,-0.67667043,0.032129698},{-0.047283858,-0.0039720577,0.99887359},{479.21094,224.5625,10.82813}},{{0.77568984,-0.63098878,-0.012584632},{0.62271798,0.7684598,-0.14728174},{0.10260391,0.10640828,0.98901451},{492.4375,231.67969,11.82031}},{{-0.28890988,-0.95627868,-0.045411374},{0.95699441,-0.28977972,0.013763738},{-0.026321264,-0.039481953,0.99887353},{513.17188,250.48438,13.23438}},{{0.38187,-0.91790485,0.10782399},{0.92349583,0.3743619,-0.08371748},{0.036479488,0.1315442,0.99063885},{528.19531,263.25781,13.98438}},{{-0.083579518,-0.99537885,-0.047279526},{0.99646956,-0.083860315,0.0039834939},{-0.0079299621,-0.04677967,0.99887377},{557.94531,286.46094,16.125}},{{1,0,0},{0,1,0},{0,0,1},{2147.75,29.585939,24.773439}},{{0.81840044,0.57464832,0},{-0.57464832,0.81840044,0},{0,0,1},{2164.7109,27.867189,24.429689}},{{-0.99939102,0.034894455,0},{-0.034894455,-0.99939102,0},{0,0,1},{2136.3594,51.539059,25.085939}},{{-0.35837537,-0.9335776,0},{0.9335776,-0.35837537,0},{0,0,1},{2155.125,51.4375,24.773439}},{{0.30900359,-0.95106089,0},{0.95106089,0.30900359,0},{0,0,1},{2171.7578,52.226559,24.773439}},{{0.0013040364,0.99999917,8.7921326e-05},{-0.99752808,0.0012946369,0.070257112},{0.070256941,-0.00017932183,0.99752891},{2181.5781,30.054689,24.078131}},{{-0.06334798,-0.9979915,0},{0.9979915,-0.06334798,0},{0,0,1},{2197.5391,28.921881,23.085939}},{{0.95554465,-0.29484645,0},{0.29484645,0.95554465,0},{0,0,1},{2211.125,29.210939,23.085939}},{{1,0,0},{0,1,0},{0,0,1},{2279.875,155.17188,25.476561}},{{-0.98628539,-0.16504888,0},{0.16504888,-0.98628539,0},{0,0,1},{2434.9844,3.5078101,24.992189}},{{-0.77162629,0.63607615,0},{-0.63607615,-0.77162629,0},{0,0,1},{2494.1719,79.742188,24.929689}},{{-0.9925456,-0.12187395,0},{0.12187395,-0.9925456,0},{0,0,1},{2736.2266,33.90625,21.273439}},{{-0.9925456,-0.12187395,0},{0.12187395,-0.9925456,0},{0,0,1},{2784.1719,33.117191,19.242189}},{{-0.95105958,0.30900756,0},{-0.30900756,-0.95105958,0},{0,0,1},{2730.3516,54.609379,21.398439}},{{-0.86163223,-0.50753313,0},{0.50753313,-0.86163223,0},{0,0,1},{2744.0469,54.132809,20.882811}},{{-0.75470436,0.65606499,0},{-0.65606499,-0.75470436,0},{0,0,1},{2565.8906,68.664063,25.265631}},{{0.55193657,0.83388609,0},{-0.83388609,0.55193657,0},{0,0,1},{2378.1953,106.13281,26.515631}},{{-0.2503801,0.96814764,0},{-0.96814764,-0.2503801,0},{0,0,1},{2429.625,99.96875,26.273439}},{{-0.99813455,0.061052162,0},{-0.061052162,-0.99813455,0},{0,0,1},{2798.875,106.53906,20.609381}},{{-0.043608386,0.99904871,0},{-0.99904871,-0.043608386,0},{0,0,1},{2794.0391,126.15625,20.789061}},{{-0.75470436,0.65606499,0},{-0.65606499,-0.75470436,0},{0,0,1},{2788.4922,146.8125,19.992189}},{{-0.95105958,0.30900756,0},{-0.30900756,-0.95105958,0},{0,0,1},{2787.8438,163.13281,19.03125}},{{1,0,0},{0,0.99887377,-0.047446705},{0,0.047446705,0.99887377},{245.625,-144.75781,0.05469}},{{0.29924837,-0.95310134,-0.045257274},{0.95378876,0.30014038,-0.014240917},{0.027156573,-0.038904306,0.99887383},{180.77344,-108.80469,0.64844}},{{0.58518386,0.81090069,0},{-0.81090069,0.58518386,0},{0,0,1},{1345.7109,403.33594,18.054689}},{{0.58518386,0.81090069,0},{-0.81090069,0.58518386,0},{0,0,1},{1389.4688,360.50781,18.257811}},{{1,0,0},{0,1,0},{0,0,1},{1440.0469,349.33594,17.601561}},{{0.58518386,0.81090069,0},{-0.81090069,0.58518386,0},{0,0,1},{1434.7734,362.57813,17.335939}},{{-0.050901674,0.99870366,0},{-0.99870366,-0.050901674,0},{0,0,1},{1351.4219,421.46094,18.054689}},{{-0.85730737,0.5138275,0.031707924},{-0.51163971,-0.85723817,0.058030751},{0.056999035,0.033527158,0.99781114},{1359.9844,437.23438,18.054689}},{{1,0,0},{0,1,0},{0,0,1},{1343.4219,471.82031,18.945311}},{{1,0,0},{0,1,0},{0,0,1},{2179.9531,-53.632809,25.914061}},{{-0.2503801,0.96814764,0},{-0.96814764,-0.2503801,0},{0,0,1},{2484.8984,-43.507809,26.273439}},{{0.91706085,0.39874721,0},{-0.39874721,0.91706085,0},{0,0,1},{-2249.1562,-2740.8047,37.351559}},{{1,0,0},{0,1,0},{0,0,1},{-2353.8672,-2693.8672,45.578129}},{{0.76604557,0.64278632,0},{-0.64278632,0.76604557,0},{0,0,1},{-2317.1953,-2703.4531,43.375}},{{0.64944887,0.76040524,0},{-0.76040524,0.64944887,0},{0,0,1},{-2388.6875,-2678.9609,45.78125}},{{0.89493459,0.44619733,0},{-0.44619733,0.89493459,0},{0,0,1},{-2158.7344,-2761.1953,36.476559}},{{-0.68835622,-0.72537279,0},{0.72537279,-0.68835622,0},{0,0,1},{-2116.1953,-2760.3906,41.828129}},{{-0.47716898,-0.87881154,0},{0.87881154,-0.47716898,0},{0,0,1},{-2204.5469,-2753.9844,34.632809}},{{0.6427834,0.76604795,0},{-0.76604795,0.6427834,0},{0,0,1},{-2057.7734,-2749.8828,47.453129}},{{1,0,0},{0,1,0},{0,0,1},{-2368.5703,-2453.0156,24.976561}}},
[866] = {{{1,0,0},{0,0.95105922,0.30900866},{0,-0.30900866,0.95105922},{-1593.9922,-2624.9219,51.585941}},{{0.68630213,-0.69663423,0.20902182},{0.65866953,0.7171874,0.22758888},{-0.30845401,-0.018518426,0.95105898},{-1590.6953,-2618.7266,49.101559}},{{1,0,0},{0,0.99357253,0.11319745},{0,-0.11319745,0.99357253},{-1443.125,-2636.6016,35.414059}},{{0.78326422,0.60937583,0.12311877},{-0.62097698,0.77634662,0.10804371},{-0.029743625,-0.1610807,0.98649293},{-1415.6484,-2628.1797,33.789059}},{{0.40585989,0.91207397,0.058299549},{-0.90645748,0.39357594,0.15307784},{0.11667301,-0.11497422,0.98649293},{-1411.6172,-2628.5312,33.789059}},{{0.3759273,0.92501938,0.054934245},{-0.92647398,0.37404245,0.041692466},{0.018018601,-0.066568486,0.99761915},{-1388.2031,-2628.5312,30.976561}},{{0.36176535,0.908472,0.20929508},{-0.91926968,0.38497514,-0.08208137},{-0.15514204,-0.16270444,0.97440147},{-1340.3125,-2615.4609,18.585939}},{{0.77367979,0.58407688,0.24550727},{-0.60184515,0.79860598,-0.0033067821},{-0.19799498,-0.14519897,0.96938908},{-1337.1172,-2616.8125,17.96875}},{{0.77643299,0.59950417,0.19428468},{-0.60319823,0.79624259,-0.046363961},{-0.18249312,-0.081193656,0.97984886},{-1321.6797,-2619.4219,15.21094}},{{0.77643299,0.59950417,0.19428468},{-0.60319823,0.79624259,-0.046363961},{-0.18249312,-0.081193656,0.97984886},{-1321.6797,-2638.8594,15.21094}},{{0.38576743,0.89021271,0.24229071},{-0.92166698,0.38363487,0.057915732},{-0.041393843,-0.24565335,0.96847355},{-1318.2891,-2638.8594,14.91406}},{{0.39569899,0.9141472,0.088074878},{-0.91822225,0.39202848,0.05640506},{0.017034667,-0.10319174,0.9945156},{-1277.4453,-2633.6875,5.5703101}},{{0.81235093,0.57371563,0.10457718},{-0.57703489,0.81671745,0.0018292088},{-0.084360562,-0.061830647,0.99451506},{-1274.4141,-2633.6875,5.5703101}},{{0.81235093,0.57371563,0.10457718},{-0.57703489,0.81671745,0.0018292088},{-0.084360562,-0.061830647,0.99451506},{-1272.1953,-2636.2578,6.0859399}},{{1,0,0},{0,1,0},{0,0,1},{-984.04687,-2134.1562,112.54688}},{{1,0,0},{0,1,0},{0,0,1},{-997.03906,-2117.1797,111.73438}},{{1,0,0},{0,1,0},{0,0,1},{-985.57031,-2129.6953,112.35938}},{{1,0,0},{0,1,0},{0,0,1},{-976.61719,-2139.9297,112.70313}},{{1,0,0},{0,1,0},{0,0,1},{-958.04687,-2103.6094,120.58594}},{{1,0,0},{0,1,0},{0,0,1},{-990.73437,-2068.7266,91.078133}},{{1,0,0},{0,1,0},{0,0,1},{-954.74219,-2065.6953,111.35938}},{{1,0,0},{0,1,0},{0,0,1},{-943.75781,-2015.4766,94.085938}},{{1,0,0},{0,1,0},{0,0,1},{-884.21094,-2130.5078,78.859383}},{{1,0,0},{0,1,0},{0,0,1},{-897.14062,-2143.4687,71.882813}},{{1,0,0},{0,1,0},{0,0,1},{-872.8125,-2127.6562,79.265633}},{{1,0,0},{0,1,0},{0,0,1},{-881.92969,-2109.2656,79.429688}},{{1,0,0},{0,1,0},{0,0,1},{-853.6875,-2073.7891,72.453133}},{{1,0,0},{0,1,0},{0,0,1},{-851.17187,-2071.2656,71.78125}},{{1,0,0},{0,1,0},{0,0,1},{-837.5625,-2115.5781,69.625}},{{1,0,0},{0,1,0},{0,0,1},{-838.21094,-2083.6953,70.679688}},{{1,0,0},{0,1,0},{0,0,1},{-867.88281,-1994.0234,67.40625}},{{1,0,0},{0,1,0},{0,0,1},{-706.65625,-2341.8516,36.929691}},{{0.65607989,0.75469142,0},{-0.75469142,0.65607989,0},{0,0,1},{-705.96875,-2340.4844,35.804691}},{{1,0,0},{0,1,0},{0,0,1},{-191.86719,-2818.1875,42.273441}},{{1,0,0},{0,1,0},{0,0,1},{-189.69531,-2816.1797,42.15625}},{{1,0,0},{0,1,0},{0,0,1},{-182.88281,-2734.6484,32.882809}},{{1,0,0},{0,1,0},{0,0,1},{-170.71094,-2818.3672,40.554691}},{{1,0,0},{0,1,0},{0,0,1},{-171.04687,-2815.0703,40.59375}},{{1,0,0},{0,1,0},{0,0,1},{-174.375,-2815.0391,40.835941}},{{1,0,0},{0,1,0},{0,0,1},{-178.28906,-2696.625,34.992191}},{{1,0,0},{0,1,0},{0,0,1},{-178.10156,-2706.6875,35.648441}},{{1,0,0},{0,1,0},{0,0,1},{-177.50781,-2670.0625,31.023439}},{{1,0,0},{0,1,0},{0,0,1},{-176.57031,-2638.0547,25.15625}},{{1,0,0},{0,1,0},{0,0,1},{-177.5,-2642.6875,24.835939}},{{1,0,0},{0,1,0},{0,0,1},{-173.57031,-2640.8984,24.4375}},{{1,0,0},{0,1,0},{0,0,1},{-165.6875,-2659.0234,29.59375}},{{1,0,0},{0,1,0},{0,0,1},{-169.11719,-2596.5391,32.3125}},{{1,0,0},{0,1,0},{0,0,1},{-166.8125,-2597.9375,31.992189}},{{1,0,0},{0,1,0},{0,0,1},{-163.39062,-2620.1562,27.828131}},{{1,0,0},{0,1,0},{0,0,1},{-157.16406,-2640.4375,23.96875}},{{1,0,0},{0,1,0},{0,0,1},{-159.5,-2645.1016,25.109381}},{{1,0,0},{0,1,0},{0,0,1},{-160.15625,-2645.0469,25.109381}},{{1,0,0},{0,1,0},{0,0,1},{-169.39844,-2585.4687,34.65625}},{{1,0,0},{0,1,0},{0,0,1},{-169.01562,-2582.4219,35.4375}},{{1,0,0},{0,1,0},{0,0,1},{-184.82812,-2580.5391,34.273441}},{{1,0,0},{0,1,0},{0,0,1},{-185.84375,-2577.2578,34.617191}},{{1,0,0},{0,1,0},{0,0,1},{-185.3125,-2573.0859,34.671879}},{{1,0,0},{0,1,0},{0,0,1},{-188.07031,-2562.4609,34.140629}},{{1,0,0},{0,1,0},{0,0,1},{-179.70312,-2546.3984,34.234379}},{{1,0,0},{0,1,0},{0,0,1},{-178.09375,-2550.4922,34.523441}},{{1,0,0},{0,1,0},{0,0,1},{-174.5,-2529.1406,31.367189}},{{1,0,0},{0,1,0},{0,0,1},{-179.67969,-2499.3281,28.578131}},{{1,0,0},{0,1,0},{0,0,1},{-178.125,-2494.0469,28.148439}},{{1,0,0},{0,1,0},{0,0,1},{-181.16406,-2507.0078,29.148439}},{{1,0,0},{0,1,0},{0,0,1},{-164.96875,-2508.5156,27.882811}},{{1,0,0},{0,1,0},{0,0,1},{-155.96094,-2500.4687,26.9375}},{{1,0,0},{0,1,0},{0,0,1},{-172.79687,-2473.1484,27.625}},{{1,0,0},{0,1,0},{0,0,1},{-174.53125,-2449.1797,29.539061}},{{1,0,0},{0,1,0},{0,0,1},{-174.55469,-2465.5156,28.070311}},{{1,0,0},{0,1,0},{0,0,1},{-172.10937,-2445.0703,30.835939}},{{1,0,0},{0,1,0},{0,0,1},{-172.17187,-2426.2969,34.6875}},{{1,0,0},{0,1,0},{0,0,1},{-173.61719,-2438.1797,31.625}},{{1,0,0},{0,1,0},{0,0,1},{-155.4375,-2467.8125,30.4375}},{{1,0,0},{0,1,0},{0,0,1},{-158.15625,-2473.6953,28.46875}},{{1,0,0},{0,1,0},{0,0,1},{-158.36719,-2484.6406,26.3125}},{{1,0,0},{0,1,0},{0,0,1},{-161.97656,-2486.2969,26.617189}},{{1,0,0},{0,1,0},{0,0,1},{-154.92969,-2461.0781,32.03125}},{{1,0,0},{0,1,0},{0,0,1},{-154.38281,-2451.8516,33.898441}},{{1,0,0},{0,1,0},{0,0,1},{-150.15625,-2460.8125,33.132809}},{{1,0,0},{0,1,0},{0,0,1},{-152.5625,-2461.2969,32.578129}},{{1,0,0},{0,1,0},{0,0,1},{-152.17969,-2465.0391,31.859381}},{{1,0,0},{0,1,0},{0,0,1},{-147.21094,-2446.9141,35.953129}}},
[11645] = {{{1,0,0},{0,1,0},{0,0,1},{-1056.1406,2157.1484,70}}},
[17504] = {{{1,0,0},{0,1,0},{0,0,1},{2378.6719,-1455.2578,26.742189}}},
[12959] = {{{1,0,0},{0,1,0},{0,0,1},{2261.4219,-71.8125,25.578131}}},
[16429] = {{{-0.99999571,0.0029336498,0},{-0.0029336498,-0.99999571,0},{0,0,1},{-155.53125,1015.6641,18.578125}}},
[16009] = {{{1,0,0},{0,1,0},{0,0,1},{279.66406,2729.9375,35.9375}}},
[16324] = {{{0.86602342,0.50000346,0},{-0.50000346,0.86602342,0},{0,0,1},{517.39063,952.80469,-16.289061}}},
[17070] = {{{-0.56687719,0.82380229,0},{-0.82380229,-0.56687719,0},{0,0,1},{-23.375,-2507.125,35.671879}}},
[14834] = {{{1,0,0},{0,1,0},{0,0,1},{1200.3516,9.8828096,1000.2109}}},
[17180] = {{{1,0,0},{0,1,0},{0,0,1},{-271.91406,-1944.125,27.210939}}},
[10661] = {{{1,0,0},{0,1,0},{0,0,1},{-2584.4531,439.61719,23.1875}}},
[18536] = {{{1,0,0},{0,1,0},{0,0,1},{-2055.6328,-2461.0156,29.671875}}},
[18070] = {{{1,0,0},{0,1,0},{0,0,1},{161.35938,-80.421883,1001.3047}}},
[17834] = {{{1,0,0},{0,1,0},{0,0,1},{2413.75,-1820.8359,12.460938}}},
[16614] = {{{0.70710677,0.70710677,0},{-0.70710677,0.70710677,0},{0,0,1},{-346.67187,1595.0781,79.664063}}},
[10879] = {{{1,0,0},{0,1,0},{0,0,1},{-1188.5937,304.32031,-1.46875}}},
[14822] = {{{1,0,0},{0,1,0},{0,0,1},{773.39844,-51.804691,1000.8438}}},
[14743] = {{{1,0,0},{0,1,0},{0,0,1},{2458.0156,-1695.9375,1014.2891}}},
[11341] = {{{0.70710677,0.70710677,0},{-0.70710677,0.70710677,0},{0,0,1},{-2217.7187,-610,36.492188}}},
[10205] = {{{1,0,0},{0,1,0},{0,0,1},{-1799.1875,1103.3516,44.367188}}},
[14429] = {{{1,0,0},{0,1,0},{0,0,1},{1255.0313,-812.46875,1086.2578}}},
[18086] = {{{1,0,0},{0,1,0},{0,0,1},{421.29688,-78.320312,1003.9844}}},
[11032] = {{{1,0,0},{0,1,0},{0,0,1},{-2229.2734,46.679688,47.320313}}},
[17655] = {{{1,0,0},{0,1,0},{0,0,1},{2433.0703,-1611.5547,12.03125}}},
[13339] = {{{1,0,0},{0,1,0},{0,0,1},{2119.5625,-359.58594,66.117188}}},
[18504] = {{{1,0,0},{0,1,0},{0,0,1},{-1358.7344,-2064.6953,38.757813}}},
[10152] = {{{1,0,0},{0,1,0},{0,0,1},{-2058.1641,771.09375,65.6875}}},
[17009] = {{{-1,-1.2246469e-16,0},{1.2246469e-16,-1,0},{0,0,1},{-1070.8672,-1156.1641,128.21875}}},
[13324] = {{{1,0,0},{0,1,0},{0,0,1},{979.50781,-500.17969,33.125}}},
[18516] = {{{0.86474478,0.50221157,0},{-0.50221157,0.86474478,0},{0,0,1},{-2217.7578,-2191.0234,38.40625}}},
[10388] = {{{1,0,0},{0,1,0},{0,0,1},{-2285.5234,-157.10937,40.28125}}},
[18614] = {{{1,0,0},{0,1,0},{0,0,1},{-1358.7344,-2064.6953,38.757809}}},
[11292] = {{{0.70513624,0.70907187,0},{-0.70907187,0.70513624,0},{0,0,1},{-1710.7891,402.53125,7.625}}},
[18462] = {{{0.0044830553,-0.99998993,0},{0.99998993,0.0044830553,0},{0,0,1},{-2760.6094,-1607.4297,150.34375}}},
[17341] = {{{-1,1.5707964e-07,0},{-1.5707964e-07,-1,0},{0,0,1},{-1083.4766,-687.94531,31.023438}}},
[14795] = {{{1,0,0},{0,1,0},{0,0,1},{1388.8828,-20.882811,1005.2031}}},
[17773] = {{{1,0,0},{0,1,0},{0,0,1},{2339.7891,-1583.9922,12.765625}}},
[17516] = {{{1,0,0},{0,1,0},{0,0,1},{2356.2656,-1695.5781,13.51563}}},
[13879] = {{{1,0,0},{0,1,0},{0,0,1},{1349.2969,-809.14062,68.882813}}},
[18047] = {{{1,0,0},{0,1,0},{0,0,1},{289.83594,-102.92969,1001.0938}}},
[17614] = {{{1,0,0},{0,1,0},{0,0,1},{2387.8047,-1695.6484,13.74219}}},
[10292] = {{{1,0,0},{0,1,0},{0,0,1},{-1636.7109,652.35938,17.265625}}},
[13429] = {{{1,0,0},{0,1,0},{0,0,1},{2148.9141,-662,90.570313}}},
[12953] = {{{1,0,0},{0,1,0},{0,0,1},{2328.4297,-12.57813,29.757811}}},
[14879] = {{{1,0,0},{0,1,0},{0,0,1},{308.32031,305.91406,1002.6172}}},
[11426] = {{{1,0,0},{0,1,0},{0,0,1},{-800.84375,1525.2734,25.859381}}},
[17738] = {{{1,0,0},{0,1,0},{0,0,1},{2459.3594,-1486.125,34.164063}}},
[10339] = {{{1,0,0},{0,1,0},{0,0,1},{-2714.3828,40.1875,4.40625}}},
[18324] = {{{1,0,0},{0,1,0},{0,0,1},{-2871.5469,-1975.625,35.429691}}},
[14504] = {{{-1,-1.2246469e-16,0},{1.2246469e-16,-1,0},{0,0,1},{2185.5,-1155.1719,1030.5313}}},
[13009] = {{{0.90949208,-0.4157213,0},{0.4157213,0.90949208,0},{0,0,1},{1331.1797,375.71094,22.976561}}},
[11429] = {{{1,0,0},{0,1,0},{0,0,1},{-821.82031,1753.0703,35.75}}},
[17842] = {{{1,0,0},{0,1,0},{0,0,1},{2281.2109,-1695.6484,13.445312}}},
[17324] = {{{-9.1106185e-06,1,0},{-1,-9.1106185e-06,0},{0,0,1},{-1109.0391,-1621.1016,75.265633}}},
[17782] = {{{1,0,0},{0,1,0},{0,0,1},{2411.0234,-1301.75,25.40625}}},
[17948] = {{{1,0,0},{0,1,0},{0,0,1},{2815.0234,-1183.2344,27.921875}}},
[13504] = {{{1,0,0},{0,1,0},{0,0,1},{2631.2734,-415.71875,54.148441}}},
[7930] = {{{-1,-1.2246469e-16,0},{1.2246469e-16,-1,0},{0,0,1},{1278.6953,2529.8125,11.32031}}},
[6930] = {{{1,0,0},{0,1,0},{0,0,1},{2693.4844,2696.6641,19.023439}}},
[5930] = {{{1,0,0},{0,1,0},{0,0,1},{1134.25,-1338.0781,23.15625}}},
[4930] = {{{1,0,0},{0,1,0},{0,0,1},{1383.6094,-2633.0547,15.335938}}},
[9356] = {{{1,0,0},{0,1,0},{0,0,1},{-2584.5625,2359.7188,8.8515615}}},
[9930] = {{{1,0,0},{0,1,0},{0,0,1},{-1926.6953,1126.4609,49.789059}}},
[8930] = {{{1,0,0},{0,1,0},{0,0,1},{2217.75,1477.6641,31.679688}}},
[6356] = {{{1,0,0},{0,1,0},{0,0,1},{381.28125,-1323.1719,24.492189}}},
[5356] = {{{1,0,0},{0,1,0},{0,0,1},{2582.4297,-1979.375,9.1484385}}},
[7356] = {{{1,0,0},{0,1,0},{0,0,1},{2701.2656,2362.4141,6.1875}}},
[2356] = {{{-9.1106185e-06,1,0},{-1,-9.1106185e-06,0},{0,0,1},{211.38281,174.23438,1002.0234}},{{-9.1106185e-06,-1,0},{1,-9.1106185e-06,0},{0,0,1},{215.21875,172.3125,1002.0234}},{{-9.1106185e-06,1,0},{-1,-9.1106185e-06,0},{0,0,1},{218.14844,174.57813,1002.0234}},{{-1,-1.2246469e-16,0},{1.2246469e-16,-1,0},{0,0,1},{219.27344,187.6875,1002.0234}},{{-9.1106185e-06,-1,0},{1,-9.1106185e-06,0},{0,0,1},{247.85938,187.25781,1007.1641}},{{-9.1106185e-06,-1,0},{1,-9.1106185e-06,0},{0,0,1},{253.22656,185.19531,1007.1641}},{{-9.1106185e-06,1,0},{-1,-9.1106185e-06,0},{0,0,1},{256.72656,184.38281,1007.1641}},{{1,0,0},{0,1,0},{0,0,1},{257.53906,191.86719,1007.1641}},{{-9.1106185e-06,-1,0},{1,-9.1106185e-06,0},{0,0,1},{222.35938,110.22656,1002.2344}},{{1,0,0},{0,1,0},{0,0,1},{225.65625,110.07813,1002.2031}},{{-9.1106185e-06,1,0},{-1,-9.1106185e-06,0},{0,0,1},{224.20313,121.72656,997.99219}},{{1,0,0},{0,1,0},{0,0,1},{230.125,70.867188,1004.0234}},{{1,0,0},{0,1,0},{0,0,1},{230.72656,75.992188,1004.0234}},{{-9.1106185e-06,-1,0},{1,-9.1106185e-06,0},{0,0,1},{198.78125,169.03125,1002.0156}},{{-9.1106185e-06,-1,0},{1,-9.1106185e-06,0},{0,0,1},{215.21875,166.85156,1002.0234}},{{-9.1106185e-06,-1,0},{1,-9.1106185e-06,0},{0,0,1},{222.20313,167.21875,1002.0234}},{{-9.1106185e-06,-1,0},{1,-9.1106185e-06,0},{0,0,1},{253.38281,69.710938,1002.625}},{{-1,-1.2246469e-16,0},{1.2246469e-16,-1,0},{0,0,1},{235.46875,77.359383,1004.0234}},{{-9.1106185e-06,1,0},{-1,-9.1106185e-06,0},{0,0,1},{257.15625,116.25,1007.7969}},{{1,0,0},{0,1,0},{0,0,1},{243.67969,119.89844,1009.3125}},{{1,0,0},{0,1,0},{0,0,1},{272.53906,107.625,1007.7969}},{{-9.1106185e-06,-1,0},{1,-9.1106185e-06,0},{0,0,1},{270.4375,108.80469,1003.6016}},{{-9.1106185e-06,-1,0},{1,-9.1106185e-06,0},{0,0,1},{273.73438,108.80469,1003.6016}},{{-9.1106185e-06,-1,0},{1,-9.1106185e-06,0},{0,0,1},{261.10938,114.57813,1007.7969}},{{-9.1106185e-06,1,0},{-1,-9.1106185e-06,0},{0,0,1},{273.35938,115.79688,1007.7969}}},
[16691] = {{{1,0,0},{0,1,0},{0,0,1},{-792.21875,2260.6484,77.460938}}},
[3356] = {{{0.6691227,0.74315196,0},{-0.74315196,0.6691227,0},{0,0,1},{-369.92187,1173.5469,23.078131}},{{-0.60180503,-0.79864299,0},{0.79864299,-0.60180503,0},{0,0,1},{-2075.2422,-2316.7344,33.9375}}},
[9891] = {{{1,0,0},{0,1,0},{0,0,1},{-2777.2344,1076.5313,33.65625}}},
[17260] = {{{1,0,0},{0,1,0},{0,0,1},{-587.50781,-1170.9141,20.914061}}},
[11536] = {{{1,0,0},{0,1,0},{0,0,1},{-1023.6484,1088.1875,19.460939}}},
[5891] = {{{1,0,0},{0,1,0},{0,0,1},{1123.1484,-1020.75,37.304691}}},
[6891] = {{{1,-1.7453293e-07,0},{1.7453293e-07,1,0},{0,0,1},{2387.3984,2623.2188,10.078125}}},
[7891] = {{{1,0,0},{0,1,0},{0,0,1},{1968.7422,2162.4922,12.09375}}},
[8891] = {{{1,0,0},{0,1,0},{0,0,1},{2465.5625,1446.0313,15.539062}}},
[17032] = {{{1,0,0},{0,1,0},{0,0,1},{-1019.1094,-2087.9844,61.578129}}},
[3891] = {{{1,0,0},{0,1,0},{0,0,1},{-902.6875,355.625,1344.1016}}},
[4891] = {{{1,0,0},{0,1,0},{0,0,1},{1681.1641,-1966.9922,31.085939}}},
[13362] = {{{0.40722591,0.91332746,0},{-0.91332746,0.40722591,0},{0,0,1},{1372.2109,250.77344,25.429688}}},
[16388] = {{{1,0,0},{0,1,0},{0,0,1},{694.41406,1973.8359,4.53125}}},
[14722] = {{{1,0,0},{0,1,0},{0,0,1},{492.4375,1408.1406,1082.1094}}},
[16782] = {{{1,0,0},{0,1,0},{0,0,1},{210.36719,1822.7422,7.6015601}}},
[10902] = {{{1,0,0},{0,1,0},{0,0,1},{-1815.0469,563.74219,182.97656}}},
[16073] = {{{1,0,0},{0,1,0},{0,0,1},{610.16406,908.47656,-39.367191}}},
[13199] = {{{1,0,0},{0,1,0},{0,0,1},{100.52344,-173.89062,0}}},
[16349] = {{{1,0,0},{0,1,0},{0,0,1},{-952.60937,1856.9609,11.27344}}},
[5256] = {{{1,0,0},{0,1,0},{0,0,1},{2768.4453,-2012.0937,14.796875}}},
[6256] = {{{1,0,0},{0,1,0},{0,0,1},{721.4375,-1450.9453,10.195312}}},
[7256] = {{{1,0,0},{0,1,0},{0,0,1},{2960.9844,2140.2969,-12.125}}},
[10419] = {{{1,0,0},{0,1,0},{0,0,1},{-2676.6172,117.58594,4.1015601}}},
[1256] = {{{-9.1106185e-06,1,0},{-1,-9.1106185e-06,0},{0,0,1},{1377.6719,-1228.8594,13.23438}},{{-9.1106185e-06,1,0},{-1,-9.1106185e-06,0},{0,0,1},{1388.7656,-1228.875,13.23438}},{{-9.1106185e-06,1,0},{-1,-9.1106185e-06,0},{0,0,1},{1421.5469,-1228.8047,13.23438}},{{-9.1106185e-06,1,0},{-1,-9.1106185e-06,0},{0,0,1},{1431.8672,-1228.7578,13.23438}},{{1,0,0},{0,1,0},{0,0,1},{1463.9063,-1261.3594,13.23438}},{{1,0,0},{0,1,0},{0,0,1},{1463.9063,-1267.3984,13.23438}},{{1,0,0},{0,1,0},{0,0,1},{-1970.4453,129.46094,27.34375}},{{-1,-1.2246469e-16,0},{1.2246469e-16,-1,0},{0,0,1},{-1967.9844,129.46094,27.34375}},{{1,0,0},{0,1,0},{0,0,1},{-1970.4453,123.875,27.34375}},{{-1,-1.2246469e-16,0},{1.2246469e-16,-1,0},{0,0,1},{-1967.9844,123.875,27.34375}},{{1,0,0},{0,1,0},{0,0,1},{-1970.4453,140.64063,27.34375}},{{-1,-1.2246469e-16,0},{1.2246469e-16,-1,0},{0,0,1},{-1967.9844,140.64063,27.34375}},{{1,0,0},{0,1,0},{0,0,1},{-1970.4453,135.04688,27.34375}},{{-1,-1.2246469e-16,0},{1.2246469e-16,-1,0},{0,0,1},{-1967.9844,135.04688,27.34375}},{{1,0,0},{0,1,0},{0,0,1},{-1970.4453,151.8125,27.34375}},{{-1,-1.2246469e-16,0},{1.2246469e-16,-1,0},{0,0,1},{-1967.9844,151.8125,27.34375}},{{1,0,0},{0,1,0},{0,0,1},{-1970.4453,146.22656,27.34375}},{{-1,-1.2246469e-16,0},{1.2246469e-16,-1,0},{0,0,1},{-1967.9844,146.22656,27.34375}},{{1,0,0},{0,1,0},{0,0,1},{1036.9766,1357.625,10.47656}},{{-9.1106185e-06,-1,0},{1,-9.1106185e-06,0},{0,0,1},{1040.4844,1393.7109,5.4765601}},{{-9.1106185e-06,-1,0},{1,-9.1106185e-06,0},{0,0,1},{1045.3594,1393.7109,5.4765601}},{{-9.1106185e-06,-1,0},{1,-9.1106185e-06,0},{0,0,1},{1050.7422,1393.7109,5.4765601}},{{-9.1106185e-06,-1,0},{1,-9.1106185e-06,0},{0,0,1},{1066.1953,1393.7109,5.4765601}},{{-9.1106185e-06,-1,0},{1,-9.1106185e-06,0},{0,0,1},{1071.8359,1393.7109,5.4765601}},{{-1,-1.2246469e-16,0},{1.2246469e-16,-1,0},{0,0,1},{1022,1707.6641,10.47656}},{{-1,-1.2246469e-16,0},{1.2246469e-16,-1,0},{0,0,1},{1022,1711.6016,10.47656}},{{-1,-1.2246469e-16,0},{1.2246469e-16,-1,0},{0,0,1},{1022,1715.5547,10.47656}},{{-9.1106185e-06,-1,0},{1,-9.1106185e-06,0},{0,0,1},{1125.5703,1393.7109,5.4765601}},{{-9.1106185e-06,-1,0},{1,-9.1106185e-06,0},{0,0,1},{1131.2109,1393.7109,5.4765601}},{{-9.1106185e-06,-1,0},{1,-9.1106185e-06,0},{0,0,1},{1144.3281,1393.7109,5.4765601}},{{-9.1106185e-06,-1,0},{1,-9.1106185e-06,0},{0,0,1},{1149.2031,1393.7109,5.4765601}},{{-9.1106185e-06,-1,0},{1,-9.1106185e-06,0},{0,0,1},{1154.5859,1393.7109,5.4765601}},{{1,0,0},{0,1,0},{0,0,1},{1156.0703,1699.0859,10.47656}},{{1,0,0},{0,1,0},{0,0,1},{1156.0703,1703,10.47656}}},
